7.299999999999999822e-01
7.303499999999999437e-01
7.307000000000000162e-01
7.310499999999999776e-01
7.313999999999999391e-01
7.317500000000000115e-01
7.320999999999999730e-01
7.324499999999999345e-01
7.328000000000000069e-01
7.331499999999999684e-01
7.335000000000000409e-01
7.338500000000000023e-01
7.341999999999999638e-01
7.345500000000000362e-01
7.348999999999999977e-01
7.352499999999999591e-01
7.356000000000000316e-01
7.359499999999999931e-01
7.362999999999999545e-01
7.366500000000000270e-01
7.369999999999999885e-01
7.373499999999999499e-01
7.377000000000000224e-01
7.380499999999999838e-01
7.383999999999999453e-01
7.387500000000000178e-01
7.390999999999999792e-01
7.394499999999999407e-01
7.398000000000000131e-01
7.401499999999999746e-01
7.404999999999999361e-01
7.408500000000000085e-01
7.411999999999999700e-01
7.415500000000000425e-01
7.419000000000000039e-01
7.422499999999999654e-01
7.426000000000000378e-01
7.429499999999999993e-01
7.432999999999999607e-01
7.436500000000000332e-01
7.439999999999999947e-01
7.443499999999999561e-01
7.447000000000000286e-01
7.450499999999999901e-01
7.453999999999999515e-01
7.457500000000000240e-01
7.460999999999999854e-01
7.464499999999999469e-01
7.468000000000000194e-01
7.471499999999999808e-01
7.475000000000000533e-01
7.478500000000000147e-01
7.481999999999999762e-01
7.485500000000000487e-01
7.489000000000000101e-01
7.492499999999999716e-01
7.496000000000000441e-01
7.499500000000000055e-01
7.502999999999999670e-01
7.506500000000000394e-01
7.510000000000000009e-01
7.513499999999999623e-01
7.517000000000000348e-01
7.520499999999999963e-01
7.523999999999999577e-01
7.527500000000000302e-01
7.530999999999999917e-01
7.534499999999999531e-01
7.538000000000000256e-01
7.541499999999999870e-01
7.544999999999999485e-01
7.548500000000000210e-01
7.551999999999999824e-01
7.555500000000000549e-01
7.559000000000000163e-01
7.562499999999999778e-01
7.566000000000000503e-01
7.569500000000000117e-01
7.572999999999999732e-01
7.576500000000000457e-01
7.580000000000000071e-01
7.583499999999999686e-01
7.587000000000000410e-01
7.590500000000000025e-01
7.593999999999999639e-01
7.597500000000000364e-01
7.600999999999999979e-01
7.604499999999999593e-01
7.608000000000000318e-01
7.611499999999999932e-01
7.615000000000000657e-01
7.618500000000000272e-01
7.621999999999999886e-01
7.625500000000000611e-01
7.629000000000000226e-01
7.632499999999999840e-01
7.636000000000000565e-01
7.639500000000000179e-01
7.642999999999999794e-01
7.646500000000000519e-01
7.650000000000000133e-01
7.653499999999999748e-01
7.657000000000000473e-01
7.660500000000000087e-01
7.663999999999999702e-01
7.667500000000000426e-01
7.671000000000000041e-01
7.674499999999999655e-01
7.678000000000000380e-01
7.681499999999999995e-01
7.684999999999999609e-01
7.688500000000000334e-01
7.691999999999999948e-01
7.695500000000000673e-01
7.699000000000000288e-01
7.702499999999999902e-01
7.706000000000000627e-01
7.709500000000000242e-01
7.712999999999999856e-01
7.716500000000000581e-01
7.720000000000000195e-01
7.723499999999999810e-01
7.727000000000000535e-01
7.730500000000000149e-01
7.733999999999999764e-01
7.737500000000000488e-01
7.741000000000000103e-01
7.744499999999999718e-01
7.748000000000000442e-01
7.751500000000000057e-01
7.755000000000000782e-01
7.758500000000000396e-01
7.762000000000000011e-01
7.765500000000000735e-01
7.769000000000000350e-01
7.772499999999999964e-01
7.776000000000000689e-01
7.779500000000000304e-01
7.782999999999999918e-01
7.786500000000000643e-01
7.790000000000000258e-01
7.793499999999999872e-01
7.797000000000000597e-01
7.800500000000000211e-01
7.803999999999999826e-01
7.807500000000000551e-01
7.811000000000000165e-01
7.814499999999999780e-01
7.818000000000000504e-01
7.821500000000000119e-01
7.824999999999999734e-01
7.828500000000000458e-01
7.832000000000000073e-01
7.835500000000000798e-01
7.839000000000000412e-01
7.842500000000000027e-01
7.846000000000000751e-01
7.849500000000000366e-01
7.852999999999999980e-01
7.856500000000000705e-01
7.860000000000000320e-01
7.863499999999999934e-01
7.867000000000000659e-01
7.870500000000000274e-01
7.873999999999999888e-01
7.877500000000000613e-01
7.881000000000000227e-01
7.884499999999999842e-01
7.888000000000000567e-01
7.891500000000000181e-01
7.895000000000000906e-01
7.898500000000000520e-01
7.902000000000000135e-01
7.905500000000000860e-01
7.909000000000000474e-01
7.912500000000000089e-01
7.916000000000000814e-01
7.919500000000000428e-01
7.923000000000000043e-01
7.926500000000000767e-01
7.930000000000000382e-01
7.933499999999999996e-01
7.937000000000000721e-01
7.940500000000000336e-01
7.943999999999999950e-01
7.947500000000000675e-01
7.951000000000000290e-01
7.954499999999999904e-01
7.958000000000000629e-01
7.961500000000000243e-01
7.964999999999999858e-01
7.968500000000000583e-01
7.972000000000000197e-01
7.975500000000000922e-01
7.979000000000000536e-01
7.982500000000000151e-01
7.986000000000000876e-01
7.989500000000000490e-01
7.993000000000000105e-01
7.996500000000000830e-01
8.000000000000000444e-01
3.399999999999999911e+00
3.403000000000000025e+00
3.405999999999999694e+00
3.408999999999999808e+00
3.411999999999999922e+00
3.415000000000000036e+00
3.417999999999999705e+00
3.420999999999999819e+00
3.423999999999999932e+00
3.427000000000000046e+00
3.429999999999999716e+00
3.432999999999999829e+00
3.435999999999999943e+00
3.439000000000000057e+00
3.441999999999999726e+00
3.444999999999999840e+00
3.447999999999999954e+00
3.451000000000000068e+00
3.453999999999999737e+00
3.456999999999999851e+00
3.459999999999999964e+00
3.463000000000000078e+00
3.465999999999999748e+00
3.468999999999999861e+00
3.471999999999999975e+00
3.475000000000000089e+00
3.477999999999999758e+00
3.480999999999999872e+00
3.483999999999999986e+00
3.487000000000000099e+00
3.489999999999999769e+00
3.492999999999999883e+00
3.495999999999999996e+00
3.499000000000000110e+00
3.501999999999999780e+00
3.504999999999999893e+00
3.508000000000000007e+00
3.511000000000000121e+00
3.513999999999999790e+00
3.516999999999999904e+00
3.520000000000000018e+00
3.523000000000000131e+00
3.525999999999999801e+00
3.528999999999999915e+00
3.532000000000000028e+00
3.535000000000000142e+00
3.537999999999999812e+00
3.540999999999999925e+00
3.544000000000000039e+00
3.546999999999999709e+00
3.549999999999999822e+00
3.552999999999999936e+00
3.556000000000000050e+00
3.559000000000000163e+00
3.561999999999999833e+00
3.564999999999999947e+00
3.568000000000000060e+00
3.570999999999999730e+00
3.573999999999999844e+00
3.576999999999999957e+00
3.580000000000000071e+00
3.582999999999999741e+00
3.585999999999999854e+00
3.588999999999999968e+00
3.592000000000000082e+00
3.594999999999999751e+00
3.597999999999999865e+00
3.600999999999999979e+00
3.604000000000000092e+00
3.606999999999999762e+00
3.609999999999999876e+00
3.612999999999999989e+00
3.616000000000000103e+00
3.618999999999999773e+00
3.621999999999999886e+00
3.625000000000000000e+00
3.628000000000000114e+00
3.630999999999999783e+00
3.633999999999999897e+00
3.637000000000000011e+00
3.640000000000000124e+00
3.642999999999999794e+00
3.645999999999999908e+00
3.649000000000000021e+00
3.652000000000000135e+00
3.654999999999999805e+00
3.657999999999999918e+00
3.661000000000000032e+00
3.664000000000000146e+00
3.666999999999999815e+00
3.669999999999999929e+00
3.673000000000000043e+00
3.676000000000000156e+00
3.678999999999999826e+00
3.681999999999999940e+00
3.685000000000000053e+00
3.687999999999999723e+00
3.690999999999999837e+00
3.693999999999999950e+00
3.697000000000000064e+00
3.700000000000000178e+00
3.702999999999999847e+00
3.705999999999999961e+00
3.709000000000000075e+00
3.711999999999999744e+00
3.714999999999999858e+00
3.717999999999999972e+00
3.721000000000000085e+00
3.724000000000000199e+00
3.726999999999999869e+00
3.729999999999999982e+00
3.733000000000000096e+00
3.735999999999999766e+00
3.738999999999999879e+00
3.741999999999999993e+00
3.745000000000000107e+00
3.747999999999999776e+00
3.750999999999999890e+00
3.754000000000000004e+00
3.757000000000000117e+00
3.759999999999999787e+00
3.762999999999999901e+00
3.766000000000000014e+00
3.769000000000000128e+00
3.771999999999999797e+00
3.774999999999999911e+00
3.778000000000000025e+00
3.781000000000000139e+00
3.783999999999999808e+00
3.786999999999999922e+00
3.790000000000000036e+00
3.793000000000000149e+00
3.795999999999999819e+00
3.798999999999999932e+00
3.802000000000000046e+00
3.805000000000000160e+00
3.807999999999999829e+00
3.810999999999999943e+00
3.814000000000000057e+00
3.817000000000000171e+00
3.819999999999999840e+00
3.822999999999999954e+00
3.826000000000000068e+00
3.828999999999999737e+00
3.831999999999999851e+00
3.834999999999999964e+00
3.838000000000000078e+00
3.841000000000000192e+00
3.843999999999999861e+00
3.846999999999999975e+00
3.850000000000000089e+00
3.852999999999999758e+00
3.855999999999999872e+00
3.858999999999999986e+00
3.862000000000000099e+00
3.865000000000000213e+00
3.867999999999999883e+00
3.870999999999999996e+00
3.874000000000000110e+00
3.876999999999999780e+00
3.879999999999999893e+00
3.883000000000000007e+00
3.886000000000000121e+00
3.889000000000000234e+00
3.891999999999999904e+00
3.895000000000000018e+00
3.898000000000000131e+00
3.900999999999999801e+00
3.903999999999999915e+00
3.907000000000000028e+00
3.910000000000000142e+00
3.913000000000000256e+00
3.915999999999999925e+00
3.919000000000000039e+00
3.922000000000000153e+00
3.924999999999999822e+00
3.927999999999999936e+00
3.931000000000000050e+00
3.934000000000000163e+00
3.937000000000000277e+00
3.939999999999999947e+00
3.943000000000000060e+00
3.945999999999999730e+00
3.948999999999999844e+00
3.951999999999999957e+00
3.955000000000000071e+00
3.958000000000000185e+00
3.960999999999999854e+00
3.963999999999999968e+00
3.967000000000000082e+00
3.969999999999999751e+00
3.972999999999999865e+00
3.975999999999999979e+00
3.979000000000000092e+00
3.982000000000000206e+00
3.984999999999999876e+00
3.987999999999999989e+00
3.991000000000000103e+00
3.993999999999999773e+00
3.996999999999999886e+00
4.000000000000000000e+00
3.400000000000000244e-01
3.432000000000000051e-01
3.464000000000000412e-01
3.496000000000000218e-01
3.528000000000000025e-01
3.560000000000000386e-01
3.592000000000000193e-01
3.623999999999999999e-01
3.656000000000000361e-01
3.688000000000000167e-01
3.719999999999999973e-01
3.752000000000000335e-01
3.784000000000000141e-01
3.816000000000000503e-01
3.848000000000000309e-01
3.880000000000000115e-01
3.911999999999999922e-01
3.944000000000000283e-01
3.976000000000000090e-01
4.008000000000000451e-01
4.040000000000000258e-01
4.072000000000000064e-01
4.103999999999999870e-01
4.136000000000000232e-01
4.168000000000000038e-01
4.200000000000000400e-01
4.232000000000000206e-01
4.264000000000000012e-01
4.295999999999999819e-01
4.328000000000000180e-01
4.359999999999999987e-01
4.392000000000000348e-01
4.424000000000000155e-01
4.455999999999999961e-01
4.488000000000000322e-01
4.520000000000000129e-01
4.552000000000000490e-01
4.584000000000000297e-01
4.616000000000000103e-01
4.647999999999999909e-01
4.680000000000000271e-01
4.712000000000000077e-01
4.744000000000000439e-01
4.776000000000000245e-01
4.808000000000000052e-01
4.839999999999999858e-01
4.872000000000000219e-01
4.904000000000000026e-01
4.936000000000000387e-01
4.968000000000000194e-01
5.000000000000000000e-01
2.000000000000000000e+00
2.020000000000000018e+00
2.040000000000000036e+00
2.060000000000000053e+00
2.080000000000000071e+00
2.100000000000000089e+00
2.120000000000000107e+00
2.140000000000000124e+00
2.160000000000000142e+00
2.180000000000000160e+00
2.200000000000000178e+00
2.220000000000000195e+00
2.240000000000000213e+00
2.259999999999999787e+00
2.280000000000000249e+00
2.299999999999999822e+00
2.319999999999999840e+00
2.339999999999999858e+00
2.359999999999999876e+00
2.379999999999999893e+00
2.399999999999999911e+00
2.419999999999999929e+00
2.439999999999999947e+00
2.459999999999999964e+00
2.479999999999999982e+00
2.500000000000000000e+00
2.520000000000000018e+00
2.540000000000000036e+00
2.560000000000000053e+00
2.580000000000000071e+00
2.600000000000000089e+00
2.620000000000000107e+00
2.640000000000000124e+00
2.660000000000000142e+00
2.680000000000000160e+00
2.700000000000000178e+00
2.719999999999999751e+00
2.740000000000000213e+00
2.759999999999999787e+00
2.780000000000000249e+00
2.799999999999999822e+00
2.820000000000000284e+00
2.839999999999999858e+00
2.859999999999999876e+00
2.879999999999999893e+00
2.899999999999999911e+00
2.919999999999999929e+00
2.939999999999999947e+00
2.959999999999999964e+00
2.979999999999999982e+00
3.000000000000000000e+00
3.800000000000000044e-01
3.844000000000000195e-01
3.887999999999999790e-01
3.931999999999999940e-01
3.976000000000000090e-01
4.020000000000000240e-01
4.063999999999999835e-01
4.107999999999999985e-01
4.152000000000000135e-01
4.195999999999999730e-01
4.239999999999999880e-01
4.284000000000000030e-01
4.328000000000000180e-01
4.371999999999999775e-01
4.415999999999999925e-01
4.460000000000000075e-01
4.504000000000000226e-01
4.547999999999999821e-01
4.591999999999999971e-01
4.636000000000000121e-01
4.679999999999999716e-01
4.723999999999999866e-01
4.768000000000000016e-01
4.811999999999999611e-01
4.855999999999999761e-01
4.899999999999999911e-01
4.944000000000000061e-01
4.988000000000000211e-01
5.031999999999999806e-01
5.076000000000000512e-01
5.120000000000000107e-01
5.163999999999999702e-01
5.207999999999999297e-01
5.252000000000000002e-01
5.295999999999999597e-01
5.340000000000000302e-01
5.383999999999999897e-01
5.427999999999999492e-01
5.472000000000000197e-01
5.515999999999999792e-01
5.560000000000000497e-01
5.604000000000000092e-01
5.647999999999999687e-01
5.691999999999999282e-01
5.735999999999999988e-01
5.779999999999999583e-01
5.824000000000000288e-01
5.867999999999999883e-01
5.911999999999999478e-01
5.955999999999999073e-01
5.999999999999999778e-01
6.000000000000000000e+00
6.099999999999999645e+00
6.200000000000000178e+00
6.299999999999999822e+00
6.400000000000000355e+00
6.500000000000000000e+00
6.599999999999999645e+00
6.700000000000000178e+00
6.799999999999999822e+00
6.900000000000000355e+00
7.000000000000000000e+00
7.099999999999999645e+00
7.200000000000000178e+00
7.299999999999999822e+00
7.400000000000000355e+00
7.500000000000000000e+00
7.599999999999999645e+00
7.700000000000000178e+00
7.799999999999999822e+00
7.900000000000000355e+00
8.000000000000000000e+00
8.099999999999999645e+00
8.199999999999999289e+00
8.300000000000000711e+00
8.400000000000000355e+00
8.500000000000000000e+00
8.599999999999999645e+00
8.699999999999999289e+00
8.800000000000000711e+00
8.900000000000000355e+00
9.000000000000000000e+00
9.099999999999999645e+00
9.199999999999999289e+00
9.300000000000000711e+00
9.400000000000000355e+00
9.500000000000000000e+00
9.599999999999999645e+00
9.699999999999999289e+00
9.800000000000000711e+00
9.900000000000000355e+00
1.000000000000000000e+01
1.010000000000000142e+01
1.019999999999999929e+01
1.030000000000000071e+01
1.040000000000000036e+01
1.050000000000000000e+01
1.060000000000000142e+01
1.069999999999999929e+01
1.080000000000000071e+01
1.090000000000000036e+01
1.100000000000000000e+01
