2.969809368049157738e-01
3.311042256185312560e-01
3.686870534500606977e-01
4.100232615267078162e-01
4.554251096690344891e-01
5.052237180953160767e-01
5.597694372711301547e-01
6.194321351704903389e-01
6.846013909092061311e-01
7.556865833755014306e-01
8.331168632276564345e-01
9.173409964635912406e-01
1.008827067708224945e+00
1.108062031416095161e+00
1.215551099366276810e+00
1.331816953139902004e+00
1.457398770728116189e+00
1.592851057030500561e+00
1.738742268776983568e+00
1.895653225344058557e+00
2.064175298049300444e+00
2.244908371793297164e+00
2.438458574379186672e+00
2.645435770476876058e+00
2.866450819006263195e+00
3.102112594685050517e+00
3.353024776616547520e+00
3.619782409068965645e+00
3.902968242001755517e+00
4.203148861418339877e+00
4.520870622244044235e+00
4.856655399116697858e+00
5.210996173222139483e+00
5.584352476071083871e+00
5.977145713867160204e+00
6.389754398842795169e+00
6.822509316578607041e+00
7.275688660871674429e+00
7.749513170117070082e+00
8.244141301389335652e+00
8.759664480422960864e+00
9.296102467454360863e+00
9.853398880358774647e+00
1.043141691767756640e+01
1.102993532493949758e+01
1.164864464810428757e+01
1.228714381797735200e+01
1.294493710904415096e+01
1.362143151530175267e+01
1.431593458436027255e+01
1.502765274928215788e+01
1.575569019536322735e+01
1.649904829631345748e+01
1.725662565107662516e+01
1.802721874886051268e+01
1.880952328584498900e+01
1.960213615250826535e+01
2.040355810562673256e+01
2.121219713375678495e+01
2.202637251947076180e+01
2.284431959583547567e+01
2.366419518863970950e+01
2.448408372974910563e+01
2.530200402077316824e+01
2.611591662002725656e+01
2.692373181959439066e+01
2.772331817329220272e+01
2.851251153048598042e+01
2.928912452512661346e+01
3.005095646414203614e+01
3.079580355446236695e+01
3.152146940356590932e+01
3.222577572455251271e+01
3.290657317346322941e+01
3.356175224385577849e+01
3.418925414164814924e+01
3.478708156189659206e+01
3.535330928857842281e+01
3.588609453859561427e+01
3.638368697209374858e+01
3.684443829285413585e+01
3.726681136490140034e+01
3.764938877460709676e+01
3.799088077139339958e+01
3.829013252465912132e+01
3.854613063968355391e+01
3.875800888098232377e+01
3.892505305784549563e+01
3.904670503347175270e+01
3.912256582623547274e+01
3.915239777901654605e+01
3.913612578018698684e+01
3.907383752765785090e+01
3.896578283527612996e+01
3.881237198874163852e+01
3.861417316600175553e+01
3.837190894469793534e+01
3.808645192659852086e+01
3.775881951598532282e+01
3.739016789559893539e+01
3.698178524991244842e+01
3.653508429114076961e+01
3.605159414845473265e+01
3.553295168530626569e+01
3.498089231353028339e+01
3.439724037597758155e+01
3.378389917176957624e+01
3.314284069992439896e+01
3.247609519797245525e+01
3.178574055237192297e+01
3.107389165696935507e+01
3.034268979453116799e+01
2.959429211444821917e+01
2.883086127718345892e+01
2.805455533292172277e+01
2.726751789819429561e+01
2.647186869011666488e+01
2.566969447327879195e+01
2.486304046938132117e+01
2.405390227444090456e+01
2.324421832287991307e+01
2.243586293212380056e+01
2.163063995553053331e+01
2.083027706561350811e+01
2.003642068367697604e+01
1.925063156621176574e+01
1.847438105274607167e+01
1.770904797437849254e+01
1.695591621699076512e+01
1.621617292815977507e+01
1.549090735214578629e+01
1.478111027302296954e+01
1.408767404208375496e+01
1.341139316212324140e+01
1.275296539808393348e+01
1.211299338084809385e+01
1.149198666871642338e+01
1.089036422927940428e+01
1.030845730299653340e+01
9.746512608832896163e+00
9.204695851739625567e+00
8.683095491593835646e+00
8.181726733428691389e+00
7.700535699329775774e+00
7.239403743258001178e+00
6.798151871236733257e+00
6.376545230776327067e+00
5.974297635090637826e+00
5.591076089541203942e+00
5.226505289795596809e+00
4.880172063381552405e+00
4.551629728623560744e+00
4.240402347326855725e+00
3.945988850008348869e+00
3.667867014927958191e+00
3.405497284620415677e+00
3.158326406052887947e+00
2.925790882901879719e+00
2.707320230742762401e+00
2.502340028159250718e+00
2.310274758887000957e+00
2.130550442095170194e+00
1.962597049777268232e+00
1.805850711945295783e+00
1.659755711908348585e+00
1.523766275353621413e+00
1.397348158235207416e+00
1.279980039613793030e+00
1.171154726580850847e+00
1.070380179242637508e+00
9.771803644408102452e-01
8.910959474518769241e-01
8.116848313400737425e-01
7.385225539510498205e-01
6.712025527281119119e-01
6.093363076223005104e-01
5.525533723585898116e-01
5.005013042227850484e-01
4.528455023557072523e-01
4.092689642946478190e-01
3.694719701921667099e-01
3.331717037815727367e-01
3.001018187535788306e-01
2.700119587681421018e-01
2.426672388574787342e-01
2.178476954884193129e-01
1.953477120502432329e-01
1.749754260253546245e-01
1.565521235899868246e-01
1.399116268851955946e-01
1.248996786998907704e-01
1.113733288213981237e-01
9.920032583803790882e-02
8.825851772588065580e-02
7.843526412041461338e-02
6.962686276478864678e-02
6.173799224180357564e-02
5.468117273714797472e-02
4.837624624761476672e-02
4.274987734038918769e-02
3.773507528773552278e-02
3.228536846553190995e-05
4.249221483051268547e-05
5.569471882824712848e-05
7.270016184579767399e-05
9.451249901082749757e-05
1.223746645907636786e-04
1.578185937674722009e-04
2.027240571715101670e-04
2.593874964640487200e-04
3.306021362080363221e-04
4.197507261414171621e-04
5.309123352007974863e-04
6.689846702957096339e-04
8.398234245857866265e-04
1.050400167232103978e-03
1.308980264392364291e-03
1.625322264531656570e-03
2.010900084778878289e-03
2.479149193925144542e-03
3.045737796729906192e-03
3.728863778750955010e-03
4.549577866598021603e-03
5.532133091580316089e-03
6.704360212136505764e-03
8.098068250022882539e-03
9.749468725971091251e-03
1.169962154248276737e-02
1.399489975629426147e-02
1.668746971390292974e-02
1.983578219547019184e-02
2.350506933223306047e-02
2.776784113937115842e-02
3.270437455131902649e-02
3.840318687343192289e-02
4.496148458886133070e-02
5.248557750086182278e-02
6.109124726981497722e-02
7.090405854427994647e-02
8.205960011189183945e-02
9.470364283702584207e-02
1.089922006362234880e-01
1.250914804010470061e-01
1.431777066409243293e-01
1.634368067180908546e-01
1.860639429113591647e-01
2.112628782055858134e-01
2.392451636821277261e-01
2.702291367070165928e-01
3.044387207920311589e-01
3.421020200520112353e-01
3.834497036018061911e-01
4.287131780241372758e-01
4.781225491811947337e-01
5.319043781143633076e-01
5.902792395428836381e-01
6.534590954899623938e-01
7.216445007764253905e-01
7.950216614600499332e-01
8.737593716895707407e-01
9.580058587975592843e-01
1.047885570681876377e+00
1.143495943527224501e+00
1.244904191585845865e+00
1.352144163970751878e+00
1.465213316110077990e+00
1.584069845567508628e+00
1.708630043255163322e+00
1.838765911575745093e+00
1.974303100650066867e+00
2.115019212459247733e+00
2.260642520432225133e+00
2.410851148692666701e+00
2.565272750883057729e+00
2.723484723196142099e+00
2.885014980045485622e+00
3.049343313745351391e+00
3.215903351755178274e+00
3.384085116589089282e+00
3.553238184526031684e+00
3.722675429938353986e+00
3.891677332570672831e+00
4.059496815587947616e+00
4.225364572900409676e+00
4.388494835326041787e+00
4.548091516759885877e+00
4.703354673873835878e+00
4.853487206137046428e+00
4.997701717265380594e+00
5.135227454750477705e+00
5.265317240961584488e+00
5.387254307564430356e+00
5.500358944718969134e+00
5.603994877725778423e+00
5.697575286498347324e+00
5.780568387386614049e+00
5.852502502447535448e+00
5.912970548105739965e+00
5.961633883183415250e+00
5.998225465352995833e+00
6.022552274995128130e+00
6.034496976058512985e+00
6.034018794607000302e+00
6.021153607109409833e+00
5.996013241936926974e+00
5.958784008808650334e+00
5.909724481832889786e+00
5.849162572141718641e+00
5.777491935730540540e+00
5.695167770837173293e+00
5.602702066855296259e+00
5.500658373297843795e+00
5.389646162572754307e+00
5.270314864294148194e+00
5.143347651406837251e+00
5.009455059669869037e+00
4.869368521889989587e+00
4.723833896919839681e+00
4.573605070771663783e+00
4.419437703449113464e+00
4.262083190295360424e+00
4.102282900959957068e+00
3.940762752663179658e+00
3.778228167341443733e+00
3.615359454778425352e+00
3.452807655975071555e+00
3.291190873064363753e+00
3.131091104084520182e+00
2.973051593102093104e+00
2.817574698593192206e+00
2.665120275809881534e+00
2.516104562152504442e+00
2.370899548442135796e+00
2.229832813496936073e+00
2.093187794628805332e+00
1.961204462620143474e+00
1.834080366436802612e+00
1.711972010392185606e+00
1.594996524681633998e+00
1.483233589129513419e+00
1.376727569618173552e+00
1.275489826919494529e+00
1.179501158502585856e+00
1.088714335264148181e+00
1.003056696964172989e+00
9.224327723758782849e-01
8.467268927070777940e-01
7.758057696452198559e-01
7.095210123589723583e-01
6.477115608801969904e-01
5.902060164349386406e-01
5.368248524341101557e-01
4.873824929158070973e-01
4.416892482116227536e-01
3.995531004506930883e-01
3.607813341745869651e-01
3.251820098022851768e-01
2.925652799243287361e-01
2.627445504120032860e-01
2.355374900922461157e-01
2.107668942574247861e-01
1.882614085548213467e-01
1.678561208394160065e-01
1.493930293854758840e-01
1.327213964496797016e-01
1.176979965778728876e-01
1.041872692638244058e-01
9.206138562252075275e-02
8.120023864864492347e-02
7.149136641505311751e-02
6.282981724339449514e-02
5.511796546872360647e-02
4.826528594009914935e-02
4.218809486609172155e-02
3.680926404325540746e-02
3.205791491135921711e-02
2.786909827354592389e-02
2.418346491438602697e-02
2.094693175275528021e-02
1.811034758825687610e-02
1.562916194578291285e-02
1.346309999807054729e-02
1.157584605477637689e-02
9.934737651345714252e-03
8.510471853711691972e-03
7.276825016314856370e-03
6.210386891258364885e-03
5.290309684915538331e-03
4.498072393833388305e-03
3.817260522710424694e-03
3.233361091579972039e-03
2.733572674872759758e-03
2.306630079393874339e-03
1.942643158904651781e-03
1.632949177414964523e-03
1.369978068969534505e-03
1.147129896178109140e-03
9.586637806181258102e-04
7.995975633160466766e-04
6.656174506573352004e-04
5.529969083576992146e-04
4.585240817568175462e-04
2.549929575167006468e-01
3.603452362380337726e-01
5.018037801288021127e-01
6.885671716904626649e-01
9.309541414297447526e-01
1.240086568359083818e+00
1.627381997659891333e+00
2.103840510630239358e+00
2.679131010338633434e+00
3.360508574030785844e+00
4.151625414102909417e+00
5.051329681747807498e+00
6.052574098089496424e+00
7.141574751548318112e+00
8.297364026262926018e+00
9.491866361979452549e+00
1.069058947183588160e+01
1.185396796033668565e+01
1.293932574181155637e+01
1.390334636881844865e+01
1.470486689859200524e+01
1.530775271294715978e+01
1.568357816539483984e+01
1.581383839869288011e+01
1.569145380229537778e+01
1.532139743960612677e+01
1.472036901461500413e+01
1.391554396854439624e+01
1.294252831326302733e+01
1.184273437330356593e+01
1.066044811169539486e+01
9.439878334877453980e+00
8.222460798853095554e+00
7.044640785202338940e+00
5.936285380382382293e+00
4.919793461475555851e+00
4.009889709257441481e+00
3.214019635267702402e+00
2.533213205858630523e+00
1.963258728651983143e+00
1.496025776237261518e+00
1.120792299340259035e+00
8.254608473283594483e-01
5.975853159387828351e-01
4.251666919847605919e-01
2.972090404358560534e-01
2.040524764142992442e-01
1.375168942988287402e-01
9.089906647204361312e-02
5.886760761446412776e-02
3.729692060286241007e-02
5.132037659910701211e-09
8.383402273893265224e-08
1.012587565679035766e-06
9.199501701561243924e-06
6.397898507124099774e-05
3.468986041885339456e-04
1.495243892896428936e-03
5.232371736189933217e-03
1.520919084791746631e-02
3.764118868457234229e-02
8.138701146908172701e-02
1.576510140014442674e-01
2.797228285638960199e-01
4.625096615777623543e-01
7.208565810701971222e-01
1.065918584002678360e+00
1.500025066753005509e+00
2.011564900326687333e+00
2.571831665648393273e+00
3.135517507657439307e+00
3.645728948073457598e+00
4.043101801784996674e+00
4.277127891218474254e+00
4.316745592194688896e+00
4.157133528912021703e+00
3.820658210729753979e+00
3.351727040901478549e+00
2.807181025514798201e+00
2.245088314889769343e+00
1.714950081436924956e+00
1.251470518420699118e+00
8.726392801063311833e-01
5.815287769643660010e-01
3.703766366906908192e-01
2.253574038046382566e-01
1.307984198403107368e-01
7.215546530849052675e-02
3.757962280668994404e-02
1.829154983085814340e-02
8.216320959482688660e-03
3.360903792555860938e-03
1.236890814006359317e-03
4.055996658566845452e-04
1.176999205596687622e-04
3.009840944420217115e-05
6.769269657605150062e-06
1.338644714739336072e-06
2.330072592160909722e-07
3.576979324133661298e-08
4.855767495544519123e-09
5.847199363835801807e-10
3.414147635091848224e-03
7.404781962946837756e-03
1.517203429842109950e-02
2.951544996499416360e-02
5.478447330360591838e-02
9.746648495802247292e-02
1.668770065831155225e-01
2.758877790419679843e-01
4.415516137612449099e-01
6.853923079649262284e-01
1.033052529614193027e+00
1.512968974851903514e+00
2.153806030556456363e+00
2.980548107636076249e+00
4.009427348501542809e+00
5.242218416554364602e+00
6.660799854545802035e+00
8.223162028552133407e+00
9.862119057866559402e+00
1.148776011411753295e+01
1.299412080715965523e+01
1.426973184398425865e+01
1.521077702327632508e+01
1.573480491256639269e+01
1.579253252088796522e+01
1.537542252853210378e+01
1.451743124997206991e+01
1.329046624404960397e+01
1.179437844818816039e+01
1.014341136503172258e+01
8.451662118722611083e+00
6.820138875691245772e+00
5.327456686155047194e+00
4.025266009554677282e+00
2.938400279986920882e+00
2.068737159756630195e+00
1.401156616289281676e+00
9.099181143017629481e-01
5.642339721732433366e-01
3.325104340942027781e-01
1.852901448484697289e-01
9.714306387116364294e-02
4.768850747328939182e-02
2.182687783164822051e-02
9.279594155462063745e-03
3.653196816849751949e-03
1.328389178483000430e-03
4.452647541061045583e-04
1.373683278133349523e-04
3.896159238348104252e-05
1.015123283173767981e-05
7.402488467125406392e-12
1.585180993473705242e-10
2.612279565859512648e-09
3.338567255729141775e-08
3.337536563541487715e-07
2.634726880778940862e-06
1.659782004501737890e-05
8.442169870359382620e-05
3.512683016188150598e-04
1.213400337031858046e-03
3.537549404428798686e-03
8.863093349836006357e-03
1.945185959726722716e-02
3.811787416024897679e-02
6.788106097397868244e-02
1.114950289075280765e-01
1.708244412282964586e-01
2.460787447782090687e-01
3.350882847091353756e-01
4.329492976583826924e-01
5.323045143460031214e-01
6.243013978904028427e-01
7.000224905982963541e-01
7.520234146381676865e-01
7.755874179569643978e-01
7.694032859510624434e-01
7.355512307075345868e-01
6.788727693192145862e-01
6.059429090068634283e-01
5.239204960006942358e-01
4.395253150625387795e-01
3.583060451245560496e-01
2.842598835430883430e-01
2.197756977412790858e-01
1.658167108344800467e-01
1.222392517702521053e-01
8.815324675927189990e-02
6.225546176087598527e-02
4.309622933913048737e-02
2.926630888377401707e-02
1.950869513701873267e-02
1.277009454425882123e-02
8.209965823149393757e-03
5.183768476915850618e-03
3.213571577593523493e-03
1.955095776417555258e-03
1.166602521845157671e-03
6.822607221324761750e-04
3.907805326982351007e-04
2.190585966955285204e-04
1.201014877042616406e-04
